canvas 0 140 280 140
shape r0 rectangle
shape r1 rectangle
shape r2 rectangle
shape r3 rectangle
shape r4 rectangle
shape r5 rectangle
shape r6 rectangle
motion r0 0 0 146 40 134 230 202 197  20 0 146 40 134 230 202 197
motion r1 0 40 163 40 117 230 168 205  20 40 163 40 117 230 168 205
motion r0 20 0 146 40 134 230 202 197  40 40 146 40 134 230 202 197
motion r1 20 40 163 40 117 230 168 205  40 0 163 40 117 230 168 205
motion r1 40 0 163 40 117 230 168 205  40 0 163 40 117 230 168 205
motion r0 40 40 146 40 134 230 202 197  40 40 146 40 134 230 202 197
motion r2 0 80 253 40 27 194 230 206  40 80 253 40 27 194 230 206
motion r3 0 120 212 40 68 230 204 161  40 120 212 40 68 230 204 161
motion r4 0 160 146 40 134 206 217 230  40 160 146 40 134 206 217 230
motion r5 0 200 258 40 22 197 230 218  40 200 258 40 22 197 230 218
motion r6 0 240 240 40 40 203 230 197  40 240 240 40 40 203 230 197
motion r0 40 40 146 40 134 230 202 197  60 40 146 40 134 230 202 197
motion r2 40 80 253 40 27 194 230 206  60 80 253 40 27 194 230 206
motion r0 60 40 146 40 134 230 202 197  80 80 146 40 134 230 202 197
motion r2 60 80 253 40 27 194 230 206  80 40 253 40 27 194 230 206
motion r1 40 0 163 40 117 230 168 205  80 0 163 40 117 230 168 205
motion r2 80 40 253 40 27 194 230 206  80 40 253 40 27 194 230 206
motion r0 80 80 146 40 134 230 202 197  80 80 146 40 134 230 202 197
motion r3 40 120 212 40 68 230 204 161  80 120 212 40 68 230 204 161
motion r4 40 160 146 40 134 206 217 230  80 160 146 40 134 206 217 230
motion r5 40 200 258 40 22 197 230 218  80 200 258 40 22 197 230 218
motion r6 40 240 240 40 40 203 230 197  80 240 240 40 40 203 230 197
motion r0 80 80 146 40 134 230 202 197  100 80 146 40 134 230 202 197
motion r3 80 120 212 40 68 230 204 161  100 120 212 40 68 230 204 161
motion r0 100 80 146 40 134 230 202 197  120 120 146 40 134 230 202 197
motion r3 100 120 212 40 68 230 204 161  120 80 212 40 68 230 204 161
motion r1 80 0 163 40 117 230 168 205  120 0 163 40 117 230 168 205
motion r2 80 40 253 40 27 194 230 206  120 40 253 40 27 194 230 206
motion r3 120 80 212 40 68 230 204 161  120 80 212 40 68 230 204 161
motion r0 120 120 146 40 134 230 202 197  120 120 146 40 134 230 202 197
motion r4 80 160 146 40 134 206 217 230  120 160 146 40 134 206 217 230
motion r5 80 200 258 40 22 197 230 218  120 200 258 40 22 197 230 218
motion r6 80 240 240 40 40 203 230 197  120 240 240 40 40 203 230 197
motion r0 120 120 146 40 134 230 202 197  140 120 146 40 134 230 202 197
motion r4 120 160 146 40 134 206 217 230  140 160 146 40 134 206 217 230
motion r1 120 0 163 40 117 230 168 205  140 0 163 40 117 230 168 205
motion r2 120 40 253 40 27 194 230 206  140 40 253 40 27 194 230 206
motion r3 120 80 212 40 68 230 204 161  140 80 212 40 68 230 204 161
motion r0 140 120 146 40 134 230 202 197  140 120 146 40 134 230 202 197
motion r4 140 160 146 40 134 206 217 230  140 160 146 40 134 206 217 230
motion r5 120 200 258 40 22 197 230 218  140 200 258 40 22 197 230 218
motion r6 120 240 240 40 40 203 230 197  140 240 240 40 40 203 230 197
motion r4 140 160 146 40 134 206 217 230  160 160 146 40 134 206 217 230
motion r5 140 200 258 40 22 197 230 218  160 200 258 40 22 197 230 218
motion r4 160 160 146 40 134 206 217 230  180 200 146 40 134 206 217 230
motion r5 160 200 258 40 22 197 230 218  180 160 258 40 22 197 230 218
motion r1 140 0 163 40 117 230 168 205  180 0 163 40 117 230 168 205
motion r2 140 40 253 40 27 194 230 206  180 40 253 40 27 194 230 206
motion r3 140 80 212 40 68 230 204 161  180 80 212 40 68 230 204 161
motion r0 140 120 146 40 134 230 202 197  180 120 146 40 134 230 202 197
motion r5 180 160 258 40 22 197 230 218  180 160 258 40 22 197 230 218
motion r4 180 200 146 40 134 206 217 230  180 200 146 40 134 206 217 230
motion r6 140 240 240 40 40 203 230 197  180 240 240 40 40 203 230 197
motion r4 180 200 146 40 134 206 217 230  200 200 146 40 134 206 217 230
motion r6 180 240 240 40 40 203 230 197  200 240 240 40 40 203 230 197
motion r4 200 200 146 40 134 206 217 230  220 240 146 40 134 206 217 230
motion r6 200 240 240 40 40 203 230 197  220 200 240 40 40 203 230 197
motion r1 180 0 163 40 117 230 168 205  220 0 163 40 117 230 168 205
motion r2 180 40 253 40 27 194 230 206  220 40 253 40 27 194 230 206
motion r3 180 80 212 40 68 230 204 161  220 80 212 40 68 230 204 161
motion r0 180 120 146 40 134 230 202 197  220 120 146 40 134 230 202 197
motion r5 180 160 258 40 22 197 230 218  220 160 258 40 22 197 230 218
motion r6 220 200 240 40 40 203 230 197  220 200 240 40 40 203 230 197
motion r4 220 240 146 40 134 206 217 230  220 240 146 40 134 206 217 230
motion r1 220 0 163 40 117 230 168 205  240 0 163 40 117 230 168 205
motion r2 220 40 253 40 27 194 230 206  240 40 253 40 27 194 230 206
motion r1 240 0 163 40 117 230 168 205  260 40 163 40 117 230 168 205
motion r2 240 40 253 40 27 194 230 206  260 0 253 40 27 194 230 206
motion r2 260 0 253 40 27 194 230 206  260 0 253 40 27 194 230 206
motion r1 260 40 163 40 117 230 168 205  260 40 163 40 117 230 168 205
motion r3 220 80 212 40 68 230 204 161  260 80 212 40 68 230 204 161
motion r0 220 120 146 40 134 230 202 197  260 120 146 40 134 230 202 197
motion r5 220 160 258 40 22 197 230 218  260 160 258 40 22 197 230 218
motion r6 220 200 240 40 40 203 230 197  260 200 240 40 40 203 230 197
motion r4 220 240 146 40 134 206 217 230  260 240 146 40 134 206 217 230
motion r1 260 40 163 40 117 230 168 205  280 40 163 40 117 230 168 205
motion r3 260 80 212 40 68 230 204 161  280 80 212 40 68 230 204 161
motion r1 280 40 163 40 117 230 168 205  300 80 163 40 117 230 168 205
motion r3 280 80 212 40 68 230 204 161  300 40 212 40 68 230 204 161
motion r2 260 0 253 40 27 194 230 206  300 0 253 40 27 194 230 206
motion r3 300 40 212 40 68 230 204 161  300 40 212 40 68 230 204 161
motion r1 300 80 163 40 117 230 168 205  300 80 163 40 117 230 168 205
motion r0 260 120 146 40 134 230 202 197  300 120 146 40 134 230 202 197
motion r5 260 160 258 40 22 197 230 218  300 160 258 40 22 197 230 218
motion r6 260 200 240 40 40 203 230 197  300 200 240 40 40 203 230 197
motion r4 260 240 146 40 134 206 217 230  300 240 146 40 134 206 217 230
motion r1 300 80 163 40 117 230 168 205  320 80 163 40 117 230 168 205
motion r0 300 120 146 40 134 230 202 197  320 120 146 40 134 230 202 197
motion r2 300 0 253 40 27 194 230 206  320 0 253 40 27 194 230 206
motion r3 300 40 212 40 68 230 204 161  320 40 212 40 68 230 204 161
motion r1 320 80 163 40 117 230 168 205  320 80 163 40 117 230 168 205
motion r0 320 120 146 40 134 230 202 197  320 120 146 40 134 230 202 197
motion r5 300 160 258 40 22 197 230 218  320 160 258 40 22 197 230 218
motion r6 300 200 240 40 40 203 230 197  320 200 240 40 40 203 230 197
motion r4 300 240 146 40 134 206 217 230  320 240 146 40 134 206 217 230
motion r0 320 120 146 40 134 230 202 197  340 120 146 40 134 230 202 197
motion r5 320 160 258 40 22 197 230 218  340 160 258 40 22 197 230 218
motion r0 340 120 146 40 134 230 202 197  360 160 146 40 134 230 202 197
motion r5 340 160 258 40 22 197 230 218  360 120 258 40 22 197 230 218
motion r2 320 0 253 40 27 194 230 206  360 0 253 40 27 194 230 206
motion r3 320 40 212 40 68 230 204 161  360 40 212 40 68 230 204 161
motion r1 320 80 163 40 117 230 168 205  360 80 163 40 117 230 168 205
motion r5 360 120 258 40 22 197 230 218  360 120 258 40 22 197 230 218
motion r0 360 160 146 40 134 230 202 197  360 160 146 40 134 230 202 197
motion r6 320 200 240 40 40 203 230 197  360 200 240 40 40 203 230 197
motion r4 320 240 146 40 134 206 217 230  360 240 146 40 134 206 217 230
motion r0 360 160 146 40 134 230 202 197  380 160 146 40 134 230 202 197
motion r6 360 200 240 40 40 203 230 197  380 200 240 40 40 203 230 197
motion r0 380 160 146 40 134 230 202 197  400 200 146 40 134 230 202 197
motion r6 380 200 240 40 40 203 230 197  400 160 240 40 40 203 230 197
motion r2 360 0 253 40 27 194 230 206  400 0 253 40 27 194 230 206
motion r3 360 40 212 40 68 230 204 161  400 40 212 40 68 230 204 161
motion r1 360 80 163 40 117 230 168 205  400 80 163 40 117 230 168 205
motion r5 360 120 258 40 22 197 230 218  400 120 258 40 22 197 230 218
motion r6 400 160 240 40 40 203 230 197  400 160 240 40 40 203 230 197
motion r0 400 200 146 40 134 230 202 197  400 200 146 40 134 230 202 197
motion r4 360 240 146 40 134 206 217 230  400 240 146 40 134 206 217 230
motion r2 400 0 253 40 27 194 230 206  420 0 253 40 27 194 230 206
motion r3 400 40 212 40 68 230 204 161  420 40 212 40 68 230 204 161
motion r2 420 0 253 40 27 194 230 206  420 0 253 40 27 194 230 206
motion r3 420 40 212 40 68 230 204 161  420 40 212 40 68 230 204 161
motion r1 400 80 163 40 117 230 168 205  420 80 163 40 117 230 168 205
motion r5 400 120 258 40 22 197 230 218  420 120 258 40 22 197 230 218
motion r6 400 160 240 40 40 203 230 197  420 160 240 40 40 203 230 197
motion r0 400 200 146 40 134 230 202 197  420 200 146 40 134 230 202 197
motion r4 400 240 146 40 134 206 217 230  420 240 146 40 134 206 217 230
motion r3 420 40 212 40 68 230 204 161  440 40 212 40 68 230 204 161
motion r1 420 80 163 40 117 230 168 205  440 80 163 40 117 230 168 205
motion r2 420 0 253 40 27 194 230 206  440 0 253 40 27 194 230 206
motion r3 440 40 212 40 68 230 204 161  440 40 212 40 68 230 204 161
motion r1 440 80 163 40 117 230 168 205  440 80 163 40 117 230 168 205
motion r5 420 120 258 40 22 197 230 218  440 120 258 40 22 197 230 218
motion r6 420 160 240 40 40 203 230 197  440 160 240 40 40 203 230 197
motion r0 420 200 146 40 134 230 202 197  440 200 146 40 134 230 202 197
motion r4 420 240 146 40 134 206 217 230  440 240 146 40 134 206 217 230
motion r1 440 80 163 40 117 230 168 205  460 80 163 40 117 230 168 205
motion r5 440 120 258 40 22 197 230 218  460 120 258 40 22 197 230 218
motion r1 460 80 163 40 117 230 168 205  480 120 163 40 117 230 168 205
motion r5 460 120 258 40 22 197 230 218  480 80 258 40 22 197 230 218
motion r2 440 0 253 40 27 194 230 206  480 0 253 40 27 194 230 206
motion r3 440 40 212 40 68 230 204 161  480 40 212 40 68 230 204 161
motion r5 480 80 258 40 22 197 230 218  480 80 258 40 22 197 230 218
motion r1 480 120 163 40 117 230 168 205  480 120 163 40 117 230 168 205
motion r6 440 160 240 40 40 203 230 197  480 160 240 40 40 203 230 197
motion r0 440 200 146 40 134 230 202 197  480 200 146 40 134 230 202 197
motion r4 440 240 146 40 134 206 217 230  480 240 146 40 134 206 217 230
motion r1 480 120 163 40 117 230 168 205  500 120 163 40 117 230 168 205
motion r6 480 160 240 40 40 203 230 197  500 160 240 40 40 203 230 197
motion r1 500 120 163 40 117 230 168 205  520 160 163 40 117 230 168 205
motion r6 500 160 240 40 40 203 230 197  520 120 240 40 40 203 230 197
motion r2 480 0 253 40 27 194 230 206  520 0 253 40 27 194 230 206
motion r3 480 40 212 40 68 230 204 161  520 40 212 40 68 230 204 161
motion r5 480 80 258 40 22 197 230 218  520 80 258 40 22 197 230 218
motion r6 520 120 240 40 40 203 230 197  520 120 240 40 40 203 230 197
motion r1 520 160 163 40 117 230 168 205  520 160 163 40 117 230 168 205
motion r0 480 200 146 40 134 230 202 197  520 200 146 40 134 230 202 197
motion r4 480 240 146 40 134 206 217 230  520 240 146 40 134 206 217 230
motion r2 520 0 253 40 27 194 230 206  540 0 253 40 27 194 230 206
motion r3 520 40 212 40 68 230 204 161  540 40 212 40 68 230 204 161
motion r2 540 0 253 40 27 194 230 206  540 0 253 40 27 194 230 206
motion r3 540 40 212 40 68 230 204 161  540 40 212 40 68 230 204 161
motion r5 520 80 258 40 22 197 230 218  540 80 258 40 22 197 230 218
motion r6 520 120 240 40 40 203 230 197  540 120 240 40 40 203 230 197
motion r1 520 160 163 40 117 230 168 205  540 160 163 40 117 230 168 205
motion r0 520 200 146 40 134 230 202 197  540 200 146 40 134 230 202 197
motion r4 520 240 146 40 134 206 217 230  540 240 146 40 134 206 217 230
motion r3 540 40 212 40 68 230 204 161  560 40 212 40 68 230 204 161
motion r5 540 80 258 40 22 197 230 218  560 80 258 40 22 197 230 218
motion r3 560 40 212 40 68 230 204 161  580 80 212 40 68 230 204 161
motion r5 560 80 258 40 22 197 230 218  580 40 258 40 22 197 230 218
motion r2 540 0 253 40 27 194 230 206  580 0 253 40 27 194 230 206
motion r5 580 40 258 40 22 197 230 218  580 40 258 40 22 197 230 218
motion r3 580 80 212 40 68 230 204 161  580 80 212 40 68 230 204 161
motion r6 540 120 240 40 40 203 230 197  580 120 240 40 40 203 230 197
motion r1 540 160 163 40 117 230 168 205  580 160 163 40 117 230 168 205
motion r0 540 200 146 40 134 230 202 197  580 200 146 40 134 230 202 197
motion r4 540 240 146 40 134 206 217 230  580 240 146 40 134 206 217 230
motion r3 580 80 212 40 68 230 204 161  600 80 212 40 68 230 204 161
motion r6 580 120 240 40 40 203 230 197  600 120 240 40 40 203 230 197
motion r3 600 80 212 40 68 230 204 161  620 120 212 40 68 230 204 161
motion r6 600 120 240 40 40 203 230 197  620 80 240 40 40 203 230 197
motion r2 580 0 253 40 27 194 230 206  620 0 253 40 27 194 230 206
motion r5 580 40 258 40 22 197 230 218  620 40 258 40 22 197 230 218
motion r6 620 80 240 40 40 203 230 197  620 80 240 40 40 203 230 197
motion r3 620 120 212 40 68 230 204 161  620 120 212 40 68 230 204 161
motion r1 580 160 163 40 117 230 168 205  620 160 163 40 117 230 168 205
motion r0 580 200 146 40 134 230 202 197  620 200 146 40 134 230 202 197
motion r4 580 240 146 40 134 206 217 230  620 240 146 40 134 206 217 230
motion r2 620 0 253 40 27 194 230 206  640 0 253 40 27 194 230 206
motion r5 620 40 258 40 22 197 230 218  640 40 258 40 22 197 230 218
motion r2 640 0 253 40 27 194 230 206  660 40 253 40 27 194 230 206
motion r5 640 40 258 40 22 197 230 218  660 0 258 40 22 197 230 218
motion r5 660 0 258 40 22 197 230 218  660 0 258 40 22 197 230 218
motion r2 660 40 253 40 27 194 230 206  660 40 253 40 27 194 230 206
motion r6 620 80 240 40 40 203 230 197  660 80 240 40 40 203 230 197
motion r3 620 120 212 40 68 230 204 161  660 120 212 40 68 230 204 161
motion r1 620 160 163 40 117 230 168 205  660 160 163 40 117 230 168 205
motion r0 620 200 146 40 134 230 202 197  660 200 146 40 134 230 202 197
motion r4 620 240 146 40 134 206 217 230  660 240 146 40 134 206 217 230
motion r2 660 40 253 40 27 194 230 206  680 40 253 40 27 194 230 206
motion r6 660 80 240 40 40 203 230 197  680 80 240 40 40 203 230 197
motion r5 660 0 258 40 22 197 230 218  680 0 258 40 22 197 230 218
motion r2 680 40 253 40 27 194 230 206  680 40 253 40 27 194 230 206
motion r6 680 80 240 40 40 203 230 197  680 80 240 40 40 203 230 197
motion r3 660 120 212 40 68 230 204 161  680 120 212 40 68 230 204 161
motion r1 660 160 163 40 117 230 168 205  680 160 163 40 117 230 168 205
motion r0 660 200 146 40 134 230 202 197  680 200 146 40 134 230 202 197
motion r4 660 240 146 40 134 206 217 230  680 240 146 40 134 206 217 230
motion r5 680 0 258 40 22 197 230 218  700 0 258 40 22 197 230 218
motion r2 680 40 253 40 27 194 230 206  700 40 253 40 27 194 230 206
motion r5 700 0 258 40 22 197 230 218  700 0 258 40 22 197 230 218
motion r2 700 40 253 40 27 194 230 206  700 40 253 40 27 194 230 206
motion r6 680 80 240 40 40 203 230 197  700 80 240 40 40 203 230 197
motion r3 680 120 212 40 68 230 204 161  700 120 212 40 68 230 204 161
motion r1 680 160 163 40 117 230 168 205  700 160 163 40 117 230 168 205
motion r0 680 200 146 40 134 230 202 197  700 200 146 40 134 230 202 197
motion r4 680 240 146 40 134 206 217 230  700 240 146 40 134 206 217 230
