canvas 0 0 500 500

shape sky rectangle
shape grass rectangle
shape left rectangle
shape right rectangle
shape bottom ellipse
shape middle ellipse
shape top ellipse
shape tophat rectangle
shape bothat rectangle
shape topbut ellipse
shape midbut ellipse
shape botbut ellipse
shape lefteye ellipse
shape righteye ellipse
shape carrot rectangle




motion sky 0 0 0 500 500 0 0 20 	 	20 0 0 500 500 137 209 254
motion sky 20 0 0 500 500 137 209 254 	 	500 0 0 500 500 137 209 254


motion grass 20 0 500 500 100 126 200 80 	40 0 400 500 100 126 200 80
motion grass 40 0 400 500 100 126 200 80	500 0 400 500 100 126 200 80


motion bottom 40 250 0 0 0 246 255 255 		100 175 300 150 150 246 255 255
motion bottom 100 175 300 150 150 246 255 255 	500 175 300 150 150 246 255 255


motion middle 100 250 0 0 0 246 255 255 	150 190 210 120 120 246 255 255
motion middle 150 190 210 120 120 246 255 255 	500 190 210 120 120 246 255 255


motion top 150 250 0 0 0 246 255 255 		200 200 130 100 100 246 255 255
motion top 200 200 130 100 100 246 255 255 	500 200 130 100 100 246 255 255


motion left 200 0 250 0 10 210 105 30 		225 130 250 70 10 210 105 30 	
motion left 225 130 250 70 10 210 105 30 	500 130 250 70 10 210 105 30

motion right 200 500 250 0 10 210 105 30 	225 300 250 70 10 210 105 30 	
motion right 225 300 250 70 10 210 105 30 	500 300 250 70 10 210 105 30

motion tophat 200 250 0 0 0 0 0 0		225 225 50 50 80 0 0 0
motion tophat 225 225 50 50 80 0 0 0		500 225 50 50 80 0 0 0

motion bothat 200 250 0 0 0 0 0 0		225 200 125 100 10 0 0 0
motion bothat 225 200 125 100 10 0 0 0		500 200 125 100 10 0 0 0

motion topbut 230 245 240 10 10 0 0 0		500 245 240 10 10 0 0 0

motion midbut 245 245 260 10 10 0 0 0		500 245 260 10 10 0 0 0

motion botbut 260 245 280 10 10 0 0 0		500 245 280 10 10 0 0 0

motion lefteye 290 225 150 10 10 0 0 0		500 225 150 10 10 0 0 0

motion righteye 310 265 150 10 10 0 0 0		500 265 150 10 10 0 0 0

motion carrot 320 500 175 0 15 255 165 0	350 250 175 40 15 255 165 0
motion carrot 350 250 175 40 15 255 165 0	500 250 175 40 15 255 165 0